-0.0013
   -0.0010
   -0.0006
   -0.0003
   -0.0000
   -0.0000
   -0.0006
   -0.0018
   -0.0037
   -0.0061
   -0.0084
   -0.0099
   -0.0101
   -0.0085
   -0.0054
   -0.0017
    0.0013
    0.0020
   -0.0010
   -0.0082
   -0.0190
   -0.0312
   -0.0418
   -0.0471
   -0.0437
   -0.0297
   -0.0050
    0.0280
    0.0651
    0.1004
    0.1282
    0.1434
    0.1434
    0.1282
    0.1004
    0.0651
    0.0280
   -0.0050
   -0.0297
   -0.0437
   -0.0471
   -0.0418
   -0.0312
   -0.0190
   -0.0082
   -0.0010
    0.0020
    0.0013
   -0.0017
   -0.0054
   -0.0085
   -0.0101
   -0.0099
   -0.0084
   -0.0061
   -0.0037
   -0.0018
   -0.0006
   -0.0000
   -0.0000
   -0.0003
   -0.0006
   -0.0010
   -0.0013